Object ID: 6
Grid Coordinates: [(4, 10), (5, 10), (6, 10), (7, 10), (8, 10), (9, 10), (4, 11), (5, 11), (6, 11), (7, 11), (8, 11), (9, 11), (4, 12), (5, 12), (6, 12), (7, 12), (8, 12), (9, 12), (4, 13), (5, 13), (6, 13), (7, 13), (8, 13), (9, 13), (4, 14), (5, 14), (6, 14), (7, 14), (8, 14), (9, 14), (4, 15), (5, 15), (6, 15), (7, 15), (8, 15), (9, 15)]
Click Position: (5, 10)
Object Matrix (Before Click):
  8 8 8 8 8 8
  8 8 8 8 8 8
  8 8 8 8 8 8
  8 8 8 8 8 8
  8 8 8 8 8 8
  8 8 8 8 8 8
