Object ID: 18
Grid Coordinates: [(52, 52), (52, 53), (52, 54), (52, 55), (52, 56), (52, 57), (53, 52), (53, 53), (53, 54), (53, 55), (53, 56), (53, 57), (54, 52), (54, 53), (54, 54), (54, 55), (54, 56), (54, 57), (55, 52), (55, 53), (55, 54), (55, 55), (55, 56), (55, 57), (56, 52), (56, 53), (56, 54), (56, 55), (56, 56), (56, 57), (57, 52), (57, 53), (57, 54), (57, 55), (57, 56), (57, 57)]
Click Position: (55, 54)
Object Matrix (Before Click):
  9 9 9 9 9 9
  9 9 9 9 9 9
  9 9 9 9 9 9
  9 9 9 9 9 9
  9 9 9 9 9 9
  9 9 9 9 9 9
