Object ID: 3
Grid Coordinates: [(20, 10), (21, 10), (22, 10), (23, 10), (24, 10), (25, 10), (20, 11), (21, 11), (22, 11), (23, 11), (24, 11), (25, 11), (20, 12), (21, 12), (22, 12), (23, 12), (24, 12), (25, 12), (20, 13), (21, 13), (22, 13), (23, 13), (24, 13), (25, 13), (20, 14), (21, 14), (22, 14), (23, 14), (24, 14), (25, 14), (20, 15), (21, 15), (22, 15), (23, 15), (24, 15), (25, 15)]
Click Position: (22, 13)
Object Matrix (After Click):
  9 9 9 9 9 9
  9 9 9 9 9 9
  9 9 9 9 9 9
  9 9 9 9 9 9
  9 9 9 9 9 9
  9 9 9 9 9 9
