Object ID: 4
Grid Coordinates: [(4, 18), (5, 18), (6, 18), (7, 18), (8, 18), (9, 18), (4, 19), (5, 19), (6, 19), (7, 19), (8, 19), (9, 19), (4, 20), (5, 20), (6, 20), (7, 20), (8, 20), (9, 20), (4, 21), (5, 21), (6, 21), (7, 21), (8, 21), (9, 21), (4, 22), (5, 22), (6, 22), (7, 22), (8, 22), (9, 22), (4, 23), (5, 23), (6, 23), (7, 23), (8, 23), (9, 23)]
Click Position: (7, 23)
Object Matrix (Before Click):
  9 9 9 9 9 9
  9 9 9 9 9 9
  9 9 9 9 9 9
  9 9 9 9 9 9
  9 9 9 9 9 9
  9 9 9 9 9 9
