Object ID: 10
Grid Coordinates: [(44, 44), (44, 45), (44, 46), (44, 47), (44, 48), (44, 49), (45, 44), (45, 45), (45, 46), (45, 47), (45, 48), (45, 49), (46, 44), (46, 45), (46, 46), (46, 47), (46, 48), (46, 49), (47, 44), (47, 45), (47, 46), (47, 47), (47, 48), (47, 49), (48, 44), (48, 45), (48, 46), (48, 47), (48, 48), (48, 49), (49, 44), (49, 45), (49, 46), (49, 47), (49, 48), (49, 49)]
Click Position: (47, 44)
Object Matrix (Before Click):
  0 0 0 0 0 0
  0 0 0 0 0 0
  2 2 8 8 2 2
  2 2 8 8 2 2
  2 2 0 0 2 2
  2 2 0 0 2 2
