Object ID: 11
Grid Coordinates: [(36, 44), (36, 45), (36, 46), (36, 47), (36, 48), (36, 49), (37, 44), (37, 45), (37, 46), (37, 47), (37, 48), (37, 49), (38, 44), (38, 45), (38, 46), (38, 47), (38, 48), (38, 49), (39, 44), (39, 45), (39, 46), (39, 47), (39, 48), (39, 49), (40, 44), (40, 45), (40, 46), (40, 47), (40, 48), (40, 49), (41, 44), (41, 45), (41, 46), (41, 47), (41, 48), (41, 49)]
Click Position: (41, 45)
Object Matrix (Before Click):
  9 9 9 9 9 9
  9 9 9 9 9 9
  9 9 9 9 9 9
  9 9 9 9 9 9
  9 9 9 9 9 9
  9 9 9 9 9 9
