Object ID: 5
Grid Coordinates: [(12, 2), (13, 2), (14, 2), (15, 2), (16, 2), (17, 2), (12, 3), (13, 3), (14, 3), (15, 3), (16, 3), (17, 3), (12, 4), (13, 4), (14, 4), (15, 4), (16, 4), (17, 4), (12, 5), (13, 5), (14, 5), (15, 5), (16, 5), (17, 5), (12, 6), (13, 6), (14, 6), (15, 6), (16, 6), (17, 6), (12, 7), (13, 7), (14, 7), (15, 7), (16, 7), (17, 7)]
Click Position: (15, 5)
Object Matrix (After Click):
  8 8 8 8 8 8
  8 8 8 8 8 8
  8 8 8 8 8 8
  8 8 8 8 8 8
  8 8 8 8 8 8
  8 8 8 8 8 8
